# Unsigned integers
255 254 253 252 251 250 249 248 247 246
65535 65534 65533 65532 65531 65530 65529 65528 65527 65526
4294967295 4294967294 4294967293 4294967292 4294967291 4294967290 4294967289 4294967288 4294967287 4294967286
18446744073709551615 18446744073709551614 18446744073709551613 18446744073709551612 18446744073709551611 18446744073709551610 18446744073709551609 18446744073709551608 18446744073709551607 18446744073709551606

# Signed integers
127 -126 125 -124 123 -122 121 -120 119 -118
32767 -32766 32765 -32764 32763 -32762 32761 -32760 32759 -32758
2147483647 -2147483646 2147483645 -2147483644 2147483643 -2147483642 2147483641 -2147483640 2147483639 -2147483638
9223372036854775807 -9223372036854775806 9223372036854775805 -9223372036854775804 9223372036854775803 -9223372036854775802 9223372036854775801 -9223372036854775800 9223372036854765799 -9223372036854765798

# Floating-point numbers
1.1 -2.2 3.3 -4.4 -5.5 6.6 -7.7 -8.8 9.9 -10.1
1.123456789 -2.234567891 3.345678912 -4.456789123 5.567891234 -6.678912345 7.789123456 -8.891234567 9.912345678 -10.123456789
1.12345678901234567890 -2.23456789012345678901 3.34567890123456789012 -4.45678901234567890123 5.56789012345678901234 -6.67890123456789012345 7.78901234567890123456 -8.89012345678901234567 9.90123456789012345678 -10.01234567890123456789
